ident
line
250 75 1 400 325 1
line
400 325 1 400 375 1
line
400 375 1 350 425 1
line
350 425 1 300 425 1
line
300 425 1 250 350 1
line
250 350 1 200 425 1
line
200 425 1 150 425 1
line
150 425 1 100 375 1
line
100 375 1 100 325 1
line
100 325 1 250 75 1
rotate x 20
scale .97 .97 .97
apply

line
250 75 1 400 325 1
line
400 325 1 400 375 1
line
400 375 1 350 425 1
line
350 425 1 300 425 1
line
300 425 1 250 350 1
line
250 350 1 200 425 1
line
200 425 1 150 425 1
line
150 425 1 100 375 1
line
100 375 1 100 325 1
line
100 325 1 250 75 1
rotate y 20
scale .97 .97 .97
apply

line
250 75 1 400 325 1
line
400 325 1 400 375 1
line
400 375 1 350 425 1
line
350 425 1 300 425 1
line
300 425 1 250 350 1
line
250 350 1 200 425 1
line
200 425 1 150 425 1
line
150 425 1 100 375 1
line
100 375 1 100 325 1
line
100 325 1 250 75 1
rotate z 20
scale .97 .97 .97
apply

line
250 75 1 400 325 1
line
400 325 1 400 375 1
line
400 375 1 350 425 1
line
350 425 1 300 425 1
line
300 425 1 250 350 1
line
250 350 1 200 425 1
line
200 425 1 150 425 1
line
150 425 1 100 375 1
line
100 375 1 100 325 1
line
100 325 1 250 75 1
rotate x -20
scale .97 .97 .97
apply

line
250 75 1 400 325 1
line
400 325 1 400 375 1
line
400 375 1 350 425 1
line
350 425 1 300 425 1
line
300 425 1 250 350 1
line
250 350 1 200 425 1
line
200 425 1 150 425 1
line
150 425 1 100 375 1
line
100 375 1 100 325 1
line
100 325 1 250 75 1
rotate y -20
scale .97 .97 .97
apply

line
250 75 1 400 325 1
line
400 325 1 400 375 1
line
400 375 1 350 425 1
line
350 425 1 300 425 1
line
300 425 1 250 350 1
line
250 350 1 200 425 1
line
200 425 1 150 425 1
line
150 425 1 100 375 1
line
100 375 1 100 325 1
line
100 325 1 250 75 1
rotate z -20
scale .97 .97 .97
apply

line
250 75 1 400 325 1
line
400 325 1 400 375 1
line
400 375 1 350 425 1
line
350 425 1 300 425 1
line
300 425 1 250 350 1
line
250 350 1 200 425 1
line
200 425 1 150 425 1
line
150 425 1 100 375 1
line
100 375 1 100 325 1
line
100 325 1 250 75 1
rotate x 45
scale .97 .97 .97
apply

line
250 75 1 400 325 1
line
400 325 1 400 375 1
line
400 375 1 350 425 1
line
350 425 1 300 425 1
line
300 425 1 250 350 1
line
250 350 1 200 425 1
line
200 425 1 150 425 1
line
150 425 1 100 375 1
line
100 375 1 100 325 1
line
100 325 1 250 75 1
rotate y 45
scale .97 .97 .97
apply

line
250 75 1 400 325 1
line
400 325 1 400 375 1
line
400 375 1 350 425 1
line
350 425 1 300 425 1
line
300 425 1 250 350 1
line
250 350 1 200 425 1
line
200 425 1 150 425 1
line
150 425 1 100 375 1
line
100 375 1 100 325 1
line
100 325 1 250 75 1
rotate z 45
scale .97 .97 .97
apply

ident
move 200 50 0
apply

display
save
/tmp/image.png

