sphere 250 75 1 30
push
move 190 30 0
scale 0.25 0.25 1
rotate z 40
line 250 75 1 400 325 1
line 400 325 1 400 375 1
line 400 375 1 350 425 1
line 350 425 1 300 425 1
line 300 425 1 250 350 1
line 250 350 1 200 425 1
line 200 425 1 150 425 1
line 150 425 1 100 375 1
line 100 375 1 100 325 1
line 100 325 1 250 75 1
move 40 300 0
line 250 75 1 400 325 1
line 400 325 1 400 375 1
line 400 375 1 350 425 1
line 350 425 1 300 425 1
line 300 425 1 250 350 1
line 250 350 1 200 425 1
line 200 425 1 150 425 1
line 150 425 1 100 375 1
line 100 375 1 100 325 1
line 100 325 1 250 75 1
move 40 300 0
line 250 75 1 400 325 1
line 400 325 1 400 375 1
line 400 375 1 350 425 1
line 350 425 1 300 425 1
line 300 425 1 250 350 1
line 250 350 1 200 425 1
line 200 425 1 150 425 1
line 150 425 1 100 375 1
line 100 375 1 100 325 1
line 100 325 1 250 75 1
move 40 300 0
line 250 75 1 400 325 1
line 400 325 1 400 375 1
line 400 375 1 350 425 1
line 350 425 1 300 425 1
line 300 425 1 250 350 1
line 250 350 1 200 425 1
line 200 425 1 150 425 1
line 150 425 1 100 375 1
line 100 375 1 100 325 1
line 100 325 1 250 75 1
rotate z -40
move -210 430 0
line 250 75 1 400 325 1
line 400 325 1 400 375 1
line 400 375 1 350 425 1
line 350 425 1 300 425 1
line 300 425 1 250 350 1
line 250 350 1 200 425 1
line 200 425 1 150 425 1
line 150 425 1 100 375 1
line 100 375 1 100 325 1
line 100 325 1 250 75 1
rotate z -120
move -750 10 0
line 250 75 1 400 325 1
line 400 325 1 400 375 1
line 400 375 1 350 425 1
line 350 425 1 300 425 1
line 300 425 1 250 350 1
line 250 350 1 200 425 1
line 200 425 1 150 425 1
line 150 425 1 100 375 1
line 100 375 1 100 325 1
line 100 325 1 250 75 1
rotate z -30
move -150 400 0
line 250 75 1 400 325 1
line 400 325 1 400 375 1
line 400 375 1 350 425 1
line 350 425 1 300 425 1
line 300 425 1 250 350 1
line 250 350 1 200 425 1
line 200 425 1 150 425 1
line 150 425 1 100 375 1
line 100 375 1 100 325 1
line 100 325 1 250 75 1
pop
push
move 210 110 0
scale 0.25 0.25 1
rotate z -40
line 250 75 1 400 325 1
line 400 325 1 400 375 1
line 400 375 1 350 425 1
line 350 425 1 300 425 1
line 300 425 1 250 350 1
line 250 350 1 200 425 1
line 200 425 1 150 425 1
line 150 425 1 100 375 1
line 100 375 1 100 325 1
line 100 325 1 250 75 1
move -40 300 0
line 250 75 1 400 325 1
line 400 325 1 400 375 1
line 400 375 1 350 425 1
line 350 425 1 300 425 1
line 300 425 1 250 350 1
line 250 350 1 200 425 1
line 200 425 1 150 425 1
line 150 425 1 100 375 1
line 100 375 1 100 325 1
line 100 325 1 250 75 1
move -40 300 0
line 250 75 1 400 325 1
line 400 325 1 400 375 1
line 400 375 1 350 425 1
line 350 425 1 300 425 1
line 300 425 1 250 350 1
line 250 350 1 200 425 1
line 200 425 1 150 425 1
line 150 425 1 100 375 1
line 100 375 1 100 325 1
line 100 325 1 250 75 1
move -40 300 0
line 250 75 1 400 325 1
line 400 325 1 400 375 1
line 400 375 1 350 425 1
line 350 425 1 300 425 1
line 300 425 1 250 350 1
line 250 350 1 200 425 1
line 200 425 1 150 425 1
line 150 425 1 100 375 1
line 100 375 1 100 325 1
line 100 325 1 250 75 1
rotate z 40
move 100 110 0
line 250 75 1 400 325 1
line 400 325 1 400 375 1
line 400 375 1 350 425 1
line 350 425 1 300 425 1
line 300 425 1 250 350 1
line 250 350 1 200 425 1
line 200 425 1 150 425 1
line 150 425 1 100 375 1
line 100 375 1 100 325 1
line 100 325 1 250 75 1
rotate z 120
move 0 -430 0
line 250 75 1 400 325 1
line 400 325 1 400 375 1
line 400 375 1 350 425 1
line 350 425 1 300 425 1
line 300 425 1 250 350 1
line 250 350 1 200 425 1
line 200 425 1 150 425 1
line 150 425 1 100 375 1
line 100 375 1 100 325 1
line 100 325 1 250 75 1
rotate z 30
move 80 150 0
line 250 75 1 400 325 1
line 400 325 1 400 375 1
line 400 375 1 350 425 1
line 350 425 1 300 425 1
line 300 425 1 250 350 1
line 250 350 1 200 425 1
line 200 425 1 150 425 1
line 150 425 1 100 375 1
line 100 375 1 100 325 1
line 100 325 1 250 75 1
pop
push
scale 0.25 0.25 1
move 750 900 0
line 250 75 1 400 325 1
line 400 325 1 400 375 1
line 400 375 1 350 425 1
line 350 425 1 300 425 1
line 300 425 1 250 350 1
line 250 350 1 200 425 1
line 200 425 1 150 425 1
line 150 425 1 100 375 1
line 100 375 1 100 325 1
line 100 325 1 250 75 1
display
save /tmp/image.png

